2.899999999999999800e-01
2.899999999999999800e-01
2.899999999999999800e-01
2.899999999999999800e-01
2.899999999999999800e-01
2.899999999999999800e-01
2.899999999999999800e-01
2.899999999999999800e-01
2.899999999999999800e-01
2.899999999999999800e-01
2.899999999999999800e-01
2.899999999999999800e-01
2.899999999999999800e-01
2.899999999999999800e-01
2.899999999999999800e-01
2.899999999999999800e-01
2.899999999999999800e-01
2.899999999999999800e-01
2.899999999999999800e-01
2.899999999999999800e-01
2.899999999999999800e-01
2.899999999999999800e-01
2.899999999999999800e-01
2.899999999999999800e-01
2.899999999999999800e-01
2.899999999999999800e-01
2.899999999999999800e-01
2.899999999999999800e-01
2.899999999999999800e-01
2.899999999999999800e-01
2.899999999999999800e-01
2.899999999999999800e-01
2.899999999999999800e-01
2.899999999999999800e-01
2.899999999999999800e-01
2.899999999999999800e-01
2.899999999999999800e-01
2.899999999999999800e-01
2.899999999999999800e-01
2.899999999999999800e-01
2.899999999999999800e-01
2.899999999999999800e-01
2.899999999999999800e-01
2.899999999999999800e-01
2.899999999999999800e-01
2.899999999999999800e-01
2.899999999999999800e-01
2.899999999999999800e-01
2.899999999999999800e-01
2.899999999999999800e-01
2.899999999999999800e-01
2.899999999999999800e-01
2.899999999999999800e-01
2.899999999999999800e-01
2.899999999999999800e-01
2.899999999999999800e-01
2.899999999999999800e-01
2.899999999999999800e-01
2.899999999999999800e-01
2.899999999999999800e-01
2.899999999999999800e-01
2.899999999999999800e-01
2.899999999999999800e-01
2.899999999999999800e-01
2.899999999999999800e-01
2.899999999999999800e-01
2.899999999999999800e-01
2.899999999999999800e-01
2.899999999999999800e-01
2.899999999999999800e-01
2.899999999999999800e-01
2.899999999999999800e-01
2.899999999999999800e-01
2.899999999999999800e-01
2.899999999999999800e-01
2.899999999999999800e-01
2.899999999999999800e-01
2.899999999999999800e-01
2.899999999999999800e-01
2.899999999999999800e-01
2.899999999999999800e-01
2.899999999999999800e-01
2.899999999999999800e-01
2.899999999999999800e-01
2.899999999999999800e-01
2.899999999999999800e-01
2.899999999999999800e-01
2.899999999999999800e-01
2.899999999999999800e-01
2.899999999999999800e-01
2.899999999999999800e-01
2.899999999999999800e-01
2.899999999999999800e-01
2.899999999999999800e-01
2.899999999999999800e-01
2.899999999999999800e-01
2.899999999999999800e-01
2.899999999999999800e-01
2.899999999999999800e-01
2.899999999999999800e-01
2.899999999999999800e-01
2.899999999999999800e-01
2.899999999999999800e-01
2.899999999999999800e-01
2.899999999999999800e-01
2.899999999999999800e-01
2.899999999999999245e-01
2.899999999999999800e-01
2.899999999999999800e-01
2.899999999999999245e-01
2.899999999999998690e-01
2.899999999999998690e-01
2.899999999999996469e-01
2.899999999999995914e-01
2.899999999999995359e-01
2.899999999999992029e-01
2.899999999999990918e-01
2.899999999999987033e-01
2.899999999999982592e-01
2.899999999999975375e-01
2.899999999999967049e-01
2.899999999999954836e-01
2.899999999999940958e-01
2.899999999999921529e-01
2.899999999999896549e-01
2.899999999999863798e-01
2.899999999999819944e-01
2.899999999999763878e-01
2.899999999999693379e-01
2.899999999999603451e-01
2.899999999999490208e-01
2.899999999999345879e-01
2.899999999999159916e-01
2.899999999998927880e-01
2.899999999998637557e-01
2.899999999998274514e-01
2.899999999997823208e-01
2.899999999997263656e-01
2.899999999996567546e-01
2.899999999995713229e-01
2.899999999994656297e-01
2.899999999993365662e-01
2.899999999991786370e-01
2.899999999989860688e-01
2.899999999987519783e-01
2.899999999984680943e-01
2.899999999981249799e-01
2.899999999977111997e-01
2.899999999972135978e-01
2.899999999966165753e-01
2.899999999959023689e-01
2.899999999950496066e-01
2.899999999940346407e-01
2.899999999928283279e-01
2.899999999913989712e-01
2.899999999897084346e-01
2.899999999877138634e-01
2.899999999853654087e-01
2.899999999826060049e-01
2.899999999793713146e-01
2.899999999755866753e-01
2.899999999711673215e-01
2.899999999660177186e-01
2.899999999600281764e-01
2.899999999530754047e-01
2.899999999450195154e-01
2.899999999357023572e-01
2.899999999249460170e-01
2.899999999125502104e-01
2.899999998982901728e-01
2.899999998819132174e-01
2.899999998631367371e-01
2.899999998416446512e-01
2.899999998170843529e-01
2.899999997890619352e-01
2.899999997571394705e-01
2.899999997208305702e-01
2.899999996795943891e-01
2.899999996328322394e-01
2.899999995798807073e-01
2.899999995200069347e-01
2.899999994524012914e-01
2.899999993761713246e-01
2.899999992903343760e-01
2.899999991938093102e-01
2.899999990854088550e-01
2.899999989638298303e-01
2.899999988276444896e-01
2.899999986752899717e-01
2.899999985050576989e-01
2.899999983150808869e-01
2.899999981033241636e-01
2.899999978675681378e-01
2.899999976053982964e-01
2.899999973141882403e-01
2.899999969910848630e-01
2.899999966329926959e-01
2.899999962365551465e-01
2.899999957981378995e-01
2.899999953138080455e-01
2.899999947793147070e-01
2.899999941900672229e-01
2.899999935411128882e-01
2.899999928271133620e-01
2.899999920423185218e-01
2.899999911805430930e-01
2.899999902351355074e-01
2.899999891989525347e-01
2.899999880643275851e-01
2.899999868230392353e-01
2.899999854662793641e-01
2.899999839846175709e-01
2.899999823679659805e-01
2.899999806055423845e-01
2.899999786858298845e-01
2.899999765965378118e-01
2.899999743245582629e-01
2.899999718559234663e-01
2.899999691757583764e-01
2.899999662682353208e-01
2.899999631165228187e-01
2.899999597027357323e-01
2.899999560078823646e-01
2.899999520118089480e-01
2.899999476931432452e-01
2.899999430292357627e-01
2.899999379960991885e-01
2.899999325683454421e-01
2.899999267191206154e-01
2.899999204200389147e-01
2.899999136411126610e-01
2.899999063506816799e-01
2.899998985153400821e-01
2.899998900998600471e-01
2.899998810671151617e-01
2.899998713780000403e-01
2.899998609913473357e-01
2.899998498638448052e-01
2.899998379499471035e-01
2.899998252017881861e-01
2.899998115690887723e-01
2.899997969990630864e-01
2.899997814363232673e-01
2.899997648227804481e-01
2.899997470975440583e-01
2.899997281968194063e-01
2.899997080538016525e-01
2.899996865985682293e-01
2.899996637579689840e-01
2.899996394555126034e-01
2.899996136112533707e-01
2.899995861416723719e-01
2.899995569595588130e-01
2.899995259738877840e-01
2.899994930896959699e-01
2.899994582079550853e-01
2.899994212254428105e-01
2.899993820346112305e-01
2.899993405234543853e-01
2.899992965753711571e-01
2.899992500690274921e-01
2.899992008782171782e-01
2.899991488717175159e-01
2.899990939131464329e-01
2.899990358608141028e-01
2.899989745675744524e-01
2.899989098806743382e-01
2.899988416416001691e-01
2.899987696859223640e-01
2.899986938431378114e-01
2.899986139365119953e-01
2.899985297829159037e-01
2.899984411926638250e-01
2.899983479693487021e-01
2.899982499096749322e-01
2.899981468032887810e-01
2.899980384326099614e-01
2.899979245726576615e-01
2.899978049908779609e-01
2.899976794469680264e-01
2.899975476926990314e-01
2.899974094717381323e-01
2.899972645194681675e-01
2.899971125628064694e-01
2.899969533200221217e-01
2.899967865005521062e-01
2.899966118048155628e-01
2.899964289240278825e-01
2.899962375400126358e-01
2.899960373250128343e-01
2.899958279415016937e-01
2.899956090419912313e-01
2.899953802688408078e-01
2.899951412540649476e-01
2.899948916191393278e-01
2.899946309748074880e-01
2.899943589208854866e-01
2.899940750460663352e-01
2.899937789277253208e-01
2.899934701317224972e-01
2.899931482122056758e-01
2.899928127114144161e-01
2.899924631594809066e-01
2.899920990742340665e-01
2.899917199609995944e-01
2.899913253124041801e-01
2.899909146081752764e-01
2.899904873149445339e-01
2.899900428860495705e-01
2.899895807613355192e-01
2.899891003669581857e-01
2.899886011151864285e-01
2.899880824042052052e-01
2.899875436179188415e-01
2.899869841257558534e-01
2.899864032824716054e-01
2.899858004279556312e-01
2.899851748870355128e-01
2.899845259692845345e-01
2.899838529688282263e-01
2.899831551641532945e-01
2.899824318179153315e-01
2.899816821767504105e-01
2.899809054710851264e-01
2.899801009149500786e-01
2.899792677057905776e-01
2.899784050242840139e-01
2.899775120341555046e-01
2.899765878819927090e-01
2.899756316970669157e-01
2.899746425911520209e-01
2.899736196583484471e-01
2.899725619749005667e-01
2.899714685990308349e-01
2.899703385707541048e-01
2.899691709117210303e-01
2.899679646250313825e-01
2.899667186950820041e-01
2.899654320873915614e-01
2.899641037484335659e-01
2.899627326054822207e-01
2.899613175664529363e-01
2.899598575197351313e-01
2.899583513340440732e-01
2.899567978582647809e-01
2.899551959213008678e-01
2.899535443319265493e-01
2.899518418786387053e-01
2.899500873295133840e-01
2.899482794320643597e-01
2.899464169131023561e-01
2.899444984786001545e-01
2.899425228135574795e-01
2.899404885818689381e-01
2.899383944261959001e-01
2.899362389678399321e-01
2.899340208066192859e-01
2.899317385207478837e-01
2.899293906667180232e-01
2.899269757791839153e-01
2.899244923708512722e-01
2.899219389323659524e-01
2.899193139322087109e-01
2.899166158165918938e-01
2.899138430093574637e-01
2.899109939118811874e-01
2.899080669029768798e-01
2.899050603388059755e-01
2.899019725527883229e-01
2.898988018555180290e-01
2.898955465346799709e-01
2.898922048549724684e-01
2.898887750580307343e-01
2.898852553623547101e-01
2.898816439632391773e-01
2.898779390327089756e-01
2.898741387194549435e-01
2.898702411487751318e-01
2.898662444225188484e-01
2.898621466190341445e-01
2.898579457931164671e-01
2.898536399759642501e-01
2.898492271751359484e-01
2.898447053745100699e-01
2.898400725342490380e-01
2.898353265907674947e-01
2.898304654567014915e-01
2.898254870208837874e-01
2.898203891483211447e-01
2.898151696801751775e-01
2.898098264337466978e-01
2.898043572024636139e-01
2.897987597558711048e-01
2.897930318396313987e-01
2.897871711755122259e-01
2.897811754613975888e-01
2.897750423712883161e-01
2.897687695553117226e-01
2.897623546397296579e-01
2.897557952269709802e-01
2.897490888956130162e-01
2.897422332004515599e-01
2.897352256724947117e-01
2.897280638189871915e-01
2.897207451234706244e-01
2.897132670457989168e-01
2.897056270221771701e-01
2.896978224652300704e-01
2.896898507640167653e-01
2.896817092840638375e-01
2.896733953675099116e-01
2.896649063330196117e-01
2.896562394759954473e-01
2.896473920685391779e-01
2.896383613594987194e-01
2.896291445746727589e-01
2.896197389167379788e-01
2.896101415653989375e-01
2.896003496774519625e-01
2.895903603868691389e-01
2.895801708048837408e-01
2.895697780200799376e-01
2.895591790984855529e-01
2.895483710836668778e-01
2.895373509968294790e-01
2.895261158369190069e-01
2.895146625807271668e-01
2.895029881829999097e-01
2.894910895765500092e-01
2.894789636723703041e-01
2.894666073597531586e-01
2.894540175064104215e-01
2.894411909602211397e-01
2.894281245429426441e-01
2.894148150580718171e-01
2.894012592917470927e-01
2.893874540040003995e-01
2.893733959357721597e-01
2.893590818073539794e-01
2.893445083185331446e-01
2.893296721487405576e-01
2.893145699572012286e-01
2.892991983830869307e-01
2.892835540456739074e-01
2.892676335445004687e-01
2.892514334595296388e-01
2.892349503513134690e-01
2.892181807611596822e-01
2.892011212113028140e-01
2.891837682050756309e-01
2.891661182270852670e-01
2.891481677433903608e-01
2.891299132016823537e-01
2.891113510314670676e-01
2.890924776442524435e-01
2.890732894337344483e-01
2.890537827759893097e-01
2.890339540296653631e-01
2.890137995361791723e-01
2.889933156199134823e-01
2.889724985884168373e-01
2.889513447326070850e-01
2.889298503269753238e-01
2.889080116297940148e-01
2.888858248833262032e-01
2.888632863140365714e-01
2.888403921328072110e-01
2.888171385351515075e-01
2.887935217014337974e-01
2.887695377970903032e-01
2.887451829728497898e-01
2.887204533649604388e-01
2.886953450954146683e-01
2.886698542721790051e-01
2.886439769894242335e-01
2.886177093277578765e-01
2.885910473544600063e-01
2.885639871237171139e-01
2.885365246768636371e-01
2.885086560426193825e-01
2.884803772373333297e-01
2.884516842652267155e-01
2.884225731186386699e-01
2.883930397782730193e-01
2.883630802134483639e-01
2.883326903823472676e-01
2.883018662322700543e-01
2.882706036998877175e-01
2.882388987114969381e-01
2.882067471832782668e-01
2.881741450215544731e-01
2.881410881230496157e-01
2.881075723751510553e-01
2.880735936553366350e-01
2.880391478356201795e-01
2.880042307744528629e-01
2.879688383253555251e-01
2.879329663330042477e-01
2.878966106343360254e-01
2.878597670588203261e-01
2.878224314287310959e-01
2.877845995594197070e-01
2.877462672595897386e-01
2.877074303315727555e-01
2.876680845716049206e-01
2.876282257701043843e-01
2.875878497119509491e-01
2.875469521767650694e-01
2.875055289391899027e-01
2.874635757691716420e-01
2.874210884322437320e-01
2.873780626898094215e-01
2.873344942994277007e-01
2.872903790150966863e-01
2.872457125875420014e-01
2.872004907645023253e-01
2.871547092910178289e-01
2.871083639097189999e-01
2.870614503611145785e-01
2.870139643838826027e-01
2.869659017151608427e-01
2.869172580908375680e-01
2.868680292458437031e-01
2.868182109144446490e-01
2.867677988305328829e-01
2.867167887279233884e-01
2.866651763332675462e-01
2.866129574032330041e-01
2.865601276510319484e-01
2.865066828116076270e-01
2.864526186494139592e-01
2.863979308773568211e-01
2.863426152351698506e-01
2.862866674985956594e-01
2.862300833700442970e-01
2.861728586326991453e-01
2.861149890412059693e-01
2.860564703108384177e-01
2.859972982418694798e-01
2.859374685844832675e-01
2.858769771067640741e-01
2.858158195814576863e-01
2.857539917862669809e-01
2.856914895041507974e-01
2.856283085236213659e-01
2.855644446390423474e-01
2.854998936509242635e-01
2.854346513662244789e-01
2.853687135986445744e-01
2.853020761689256113e-01
2.852347349051465031e-01
2.851666856430200570e-01
2.850979242261902913e-01
2.850284465065286987e-01
2.849582483444292880e-01
2.848873256091056794e-01
2.848156741788849255e-01
2.847432899415052177e-01
2.846701687944079850e-01
2.845963066450322709e-01
2.845216994111106068e-01
2.844463430209607790e-01
2.843702334137785392e-01
2.842933665399313137e-01
2.842157383612489152e-01
2.841373448513152544e-01
2.840581819957594401e-01
2.839782457925447146e-01
2.838975322522598876e-01
2.838160373984061624e-01
2.837337572676864039e-01
2.836506879102924650e-01
2.835668253901917901e-01
2.834821657854138532e-01
2.833967051883343191e-01
2.833104397059602597e-01
2.832233654602145378e-01
2.831354785882167491e-01
2.830467752425661621e-01
2.829572515916232711e-01
2.828669038197883512e-01
2.827757281277822332e-01
2.826837207329235824e-01
2.825908778694070644e-01
2.824971957885773488e-01
2.824026707592076080e-01
2.823072990677709115e-01
2.822110770187151729e-01
2.821140009347333777e-01
2.820160671570366429e-01
2.819172720456220582e-01
2.818176119795429702e-01
2.817170833571747135e-01
2.816156825964823418e-01
2.815134061352849160e-01
2.814102504315191267e-01
2.813062119635034719e-01
2.812012872301969391e-01
2.810954727514607399e-01
2.809887650683170479e-01
2.808811607432047941e-01
2.807726563602383485e-01
2.806632485254589859e-01
2.805529338670902373e-01
2.804417090357885223e-01
2.803295707048940044e-01
2.802165155706799471e-01
2.801025403525989610e-01
2.799876417935300288e-01
2.798718166600218105e-01
2.797550617425365038e-01
2.796373738556910404e-01
2.795187498384962277e-01
2.793991865545950581e-01
2.792786808925002973e-01
2.791572297658279078e-01
2.790348301135314735e-01
2.789114789001336803e-01
2.787871731159552446e-01
2.786619097773452847e-01
2.785356859269050855e-01
2.784084986337166945e-01
2.782803449935616902e-01
2.781512221291463360e-01
2.780211271903189063e-01
2.778900573542880115e-01
2.777580098258395913e-01
2.776249818375487455e-01
2.774909706499951167e-01
2.773559735519708358e-01
2.772199878606907419e-01
2.770830109219978854e-01
2.769450401105692516e-01
2.768060728301185436e-01
2.766661065135962994e-01
2.765251386233907316e-01
2.763831666515230712e-01
2.762401881198431330e-01
2.760962005802234387e-01
2.759512016147493418e-01
2.758051888359076553e-01
2.756581598867755556e-01
2.755101124412044911e-01
2.753610442040026474e-01
2.752109529111175790e-01
2.750598363298132343e-01
2.749076922588477023e-01
2.747545185286487390e-01
2.746003130014840199e-01
2.744450735716344458e-01
2.742887981655601770e-01
2.741314847420682765e-01
2.739731312924748030e-01
2.738137358407699562e-01
2.736532964437737303e-01
2.734918111912971184e-01
2.733292782062944348e-01
2.731656956450182472e-01
2.730010616971695336e-01
2.728353745860465640e-01
2.726686325686907275e-01
2.725008339360306953e-01
2.723319770130254169e-01
2.721620601588020660e-01
2.719910817667942626e-01
2.718190402648783532e-01
2.716459341155024743e-01
2.714717618158210000e-01
2.712965218978198312e-01
2.711202129284447371e-01
2.709428335097213703e-01
2.707643822788813326e-01
2.705848579084740857e-01
2.704042591064911849e-01
2.702225846164736933e-01
2.700398332176290328e-01
2.698560037249366772e-01
2.696710949892569542e-01
2.694851058974345182e-01
2.692980353724028775e-01
2.691098823732812617e-01
2.689206458954737644e-01
2.687303249707641561e-01
2.685389186674082551e-01
2.683464260902247989e-01
2.681528463806809870e-01
2.679581787169821872e-01
2.677624223141494841e-01
2.675655764241048340e-01
2.673676403357462261e-01
2.671686133750248437e-01
2.669684949050177836e-01
2.667672843259991655e-01
2.665649810755063021e-01
2.663615846284091426e-01
2.661570944969712249e-01
2.659515102309116807e-01
2.657448314174626347e-01
2.655370576814268802e-01
2.653281886852297267e-01
2.651182241289710140e-01
2.649071637504746279e-01
2.646950073253327984e-01
2.644817546669509523e-01
2.642674056265891247e-01
2.640519600934013167e-01
2.638354179944696343e-01
2.636177792948405929e-01
2.633990439975548159e-01
2.631792121563846787e-01
2.629582838747320794e-01
2.627362592347534664e-01
2.625131383917775896e-01
2.622889215394064166e-01
2.620636089092681642e-01
2.618372007711687877e-01
2.616096974331764691e-01
2.613810992413709844e-01
2.611514065800416562e-01
2.609206198717239911e-01
2.606887395771119165e-01
2.604557661950296366e-01
2.602217002625608622e-01
2.599865423548708976e-01
2.597502930854118097e-01
2.595129531056886152e-01
2.592745231053902311e-01
2.590350038123113152e-01
2.587943959924065562e-01
2.585527004497095716e-01
2.583099180263088157e-01
2.580660496023264305e-01
2.578210960959306797e-01
2.575750584632425233e-01
2.573279376984248246e-01
2.570797348334995513e-01
2.568304509383396717e-01
2.565800871207586931e-01
2.563286445263178170e-01
2.560761243383642971e-01
2.558225277779576645e-01
2.555678561038304264e-01
2.553121106123346085e-01
2.550552926373853002e-01
2.547974035504339541e-01
2.545384447603297740e-01
2.542784177133863843e-01
2.540173238931985877e-01
2.537551648206535782e-01
2.534919420538341295e-01
2.532276571879516491e-01
2.529623118552921102e-01
2.526959077251204611e-01
2.524284465036066294e-01
2.521599299337571320e-01
2.518903597953554563e-01
2.516197379048379368e-01
2.513480661152263651e-01
2.510753463160515508e-01
2.508015804332531795e-01
2.505267704291034292e-01
2.502509183020591443e-01
2.499740260867837627e-01
2.496960958538967656e-01
2.494171297100170603e-01
2.491371297975656374e-01
2.488560982946878553e-01
2.485740374151581000e-01
2.482909494082910784e-01
2.480068365587672907e-01
2.477217011865855412e-01
2.474355456469251313e-01
2.471483723300091917e-01
2.468601836610215539e-01
2.465709820999734958e-01
2.462807701415570538e-01
2.459895503150733853e-01
2.456973251842369532e-01
2.454040973471179332e-01
2.451098694359658825e-01
2.448146441170920284e-01
2.445184240907365136e-01
2.442212120909234285e-01
2.439230108853410461e-01
2.436238232751835597e-01
2.433236520950204096e-01
2.430225002126423228e-01
2.427203705289411040e-01
2.424172659777230343e-01
2.421131895255974609e-01
2.418081441718031022e-01
2.415021329480664392e-01
2.411951589184361533e-01
2.408872251791499830e-01
2.405783348584452364e-01
2.402684911164268688e-01
2.399576971449016993e-01
2.396459561671850369e-01
2.393332714379866888e-01
2.390196462432086777e-01
2.387050838997889224e-01
2.383895877555317622e-01
2.380731611889246591e-01
2.377558076089988925e-01
2.374375304551143706e-01
2.371183331968109986e-01
2.367982193336226338e-01
2.364771923949036680e-01
2.361552559396309370e-01
2.358324135562434587e-01
2.355086688624613289e-01
2.351840255050643980e-01
2.348584871597604318e-01
2.345320575309524369e-01
2.342047403515668536e-01
2.338765393828659833e-01
2.335474584142592791e-01
2.332175012630917921e-01
2.328866717744706161e-01
2.325549738210523354e-01
2.322224113028656389e-01
2.318889881470880820e-01
2.315547083078688118e-01
2.312195757661112405e-01
2.308835945292835590e-01
2.305467686312067110e-01
2.302091021318520281e-01
2.298705991171386964e-01
2.295312636987171528e-01
2.291911000137829280e-01
2.288501122248316200e-01
2.285083045194899187e-01
2.281656811102671656e-01
2.278222462343716670e-01
2.274780041534787134e-01
2.271329591535216630e-01
2.267871155444778630e-01
2.264404776601489366e-01
2.260930498579498682e-01
2.257448365186801864e-01
2.253958420463135215e-01
2.250460708677728683e-01
2.246955274327067376e-01
2.243442162132708584e-01
2.239921417039064944e-01
2.236393084211120708e-01
2.232857209032185486e-01
2.229313837101671580e-01
2.225763014232840231e-01
2.222204786450411307e-01
2.218639199988461097e-01
2.215066301287985373e-01
2.211486136994682272e-01
2.207898753956656634e-01
2.204304199222003602e-01
2.200702520036660337e-01
2.197093763841962144e-01
2.193477978272330153e-01
2.189855211152953174e-01
2.186225510491603130e-01
2.182588924471326741e-01
2.178945501473938395e-01
2.175295290063612996e-01
2.171638338983516159e-01
2.167974697153444152e-01
2.164304413667506310e-01
2.160627537791621477e-01
2.156944118961293122e-01
2.153254206779090796e-01
2.149557851012325604e-01
2.145855101590659342e-01
2.142146008603643959e-01
2.138430622298428119e-01
2.134708993077242267e-01
2.130981171495046345e-01
2.127247208257123934e-01
2.123507154216633108e-01
2.119761060372205019e-01
2.116008977865567464e-01
2.112250957979009969e-01
2.108487052133123096e-01
2.104717311884196362e-01
2.100941788921911468e-01
2.097160535066881215e-01
2.093373602268203126e-01
2.089581042601052763e-01
2.085782908264199598e-01
2.081979251577623091e-01
2.078170124980083522e-01
2.074355581026625095e-01
2.070535672386203674e-01
2.066710451839212370e-01
2.062879972275056262e-01
2.059044286689721837e-01
2.055203448183333670e-01
2.051357509957708325e-01
2.047506525313948500e-01
2.043650547649970284e-01
2.039789630458105074e-01
2.035923827322645152e-01
2.032053191917417290e-01
2.028177778003351361e-01
2.024297639426067830e-01
2.020412830113413050e-01
2.016523404073090608e-01
2.012629415390187748e-01
2.008730918224783668e-01
2.004827966809521467e-01
2.000920615447186190e-01
1.997008918508327291e-01
1.993092930428796428e-01
1.989172705707379363e-01
1.985248298903383724e-01
1.981319764634229819e-01
1.977387157573058940e-01
1.973450532446353878e-01
1.969509944031527515e-01
1.965565447154560830e-01
1.961617096687595652e-01
1.957664947546584044e-01
1.953709054688897162e-01
1.949749473110972409e-01
1.945786257845937561e-01
1.941819463961260983e-01
1.937849146556397395e-01
1.933875360760443363e-01
1.929898161729778072e-01
1.925917604645756842e-01
1.921933744712340519e-01
1.917946637153815082e-01
1.913956337212424641e-01
1.909962900146091602e-01
1.905966381226103512e-01
1.901966835734800743e-01
1.897964318963272223e-01
1.893958886209115011e-01
1.889950592774084781e-01
1.885939493961873714e-01
1.881925645075822606e-01
1.877909101416652959e-01
1.873889918280231826e-01
1.869868150955310004e-01
1.865843854721285500e-01
1.861817084845974191e-01
1.857787896583395770e-01
1.853756345171534425e-01
1.849722485830150864e-01
1.845686373758582410e-01
1.841648064133540041e-01
1.837607612106930410e-01
1.833565072803681195e-01
1.829520501319571169e-01
1.825473952719083581e-01
1.821425482033238175e-01
1.817375144257475650e-01
1.813322994349495787e-01
1.809269087227167172e-01
1.805213477766390018e-01
1.801156220799007002e-01
1.797097371110705222e-01
1.793036983438930088e-01
1.788975112470800044e-01
1.784911812841067369e-01
1.780847139130042889e-01
1.776781145861550670e-01
1.772713887500902419e-01
1.768645418452867157e-01
1.764575793059647568e-01
1.760505065598896857e-01
1.756433290281704529e-01
1.752360521250618530e-01
1.748286812577667937e-01
1.744212218262419511e-01
1.740136792229998730e-01
1.736060588329176313e-01
1.731983660330402297e-01
1.727906061923935588e-01
1.723827846717883583e-01
1.719749068236353651e-01
1.715669782318985370e-01
1.711590045263132465e-01
1.707509903746755597e-01
1.703429410771754859e-01
1.699348619542163930e-01
1.695267584113170911e-01
1.691186357491734626e-01
1.687104992475795262e-01
1.683023541763973285e-01
1.678942057954384004e-01
1.674860593542683851e-01
1.670779200920425867e-01
1.666697932373399360e-01
1.662616840080199387e-01
1.658535976109420385e-01
1.654455392419684479e-01
1.650375140857019973e-01
1.646295273153030037e-01
1.642215840923842984e-01
1.638136895668890203e-01
1.634058488767579365e-01
