2.300000000000000100e-01
2.300000000000000100e-01
2.300000000000000100e-01
2.300000000000000100e-01
2.300000000000000100e-01
2.300000000000000100e-01
2.300000000000000100e-01
2.300000000000000100e-01
2.300000000000000100e-01
2.300000000000000100e-01
2.300000000000000100e-01
2.300000000000000100e-01
2.300000000000000100e-01
2.300000000000000100e-01
2.300000000000000100e-01
2.300000000000000100e-01
2.300000000000000100e-01
2.300000000000000100e-01
2.300000000000000100e-01
2.300000000000000100e-01
2.300000000000000100e-01
2.300000000000000100e-01
2.300000000000000100e-01
2.300000000000000100e-01
2.300000000000000100e-01
2.300000000000000100e-01
2.300000000000000100e-01
2.300000000000000100e-01
2.300000000000000100e-01
2.300000000000000100e-01
2.300000000000000100e-01
2.300000000000000100e-01
2.300000000000000100e-01
2.300000000000000100e-01
2.300000000000000100e-01
2.300000000000000100e-01
2.300000000000000100e-01
2.300000000000000100e-01
2.300000000000000100e-01
2.300000000000000100e-01
2.300000000000000100e-01
2.300000000000000100e-01
2.300000000000000100e-01
2.300000000000000100e-01
2.300000000000000100e-01
2.300000000000000100e-01
2.300000000000000100e-01
2.300000000000000100e-01
2.300000000000000100e-01
2.300000000000000100e-01
2.300000000000000100e-01
2.300000000000000100e-01
2.300000000000000100e-01
2.300000000000000100e-01
2.300000000000000100e-01
2.300000000000000100e-01
2.300000000000000100e-01
2.300000000000000100e-01
2.300000000000000100e-01
2.300000000000000100e-01
2.300000000000000100e-01
2.300000000000000100e-01
2.300000000000000100e-01
2.300000000000000100e-01
2.300000000000000100e-01
2.300000000000000100e-01
2.300000000000000100e-01
2.300000000000000100e-01
2.300000000000000100e-01
2.300000000000000100e-01
2.300000000000000100e-01
2.300000000000000100e-01
2.300000000000000100e-01
2.300000000000000100e-01
2.300000000000000100e-01
2.300000000000000100e-01
2.300000000000000100e-01
2.300000000000000100e-01
2.300000000000000100e-01
2.300000000000000100e-01
2.300000000000000100e-01
2.300000000000000100e-01
2.300000000000000100e-01
2.299999999999999822e-01
2.299999999999999822e-01
2.300000000000000100e-01
2.299999999999999822e-01
2.299999999999999822e-01
2.299999999999998712e-01
2.299999999999998157e-01
2.299999999999997602e-01
2.299999999999995937e-01
2.299999999999993994e-01
2.299999999999991218e-01
2.299999999999986222e-01
2.299999999999980116e-01
2.299999999999971234e-01
2.299999999999958744e-01
2.299999999999940703e-01
2.299999999999916278e-01
2.299999999999881584e-01
2.299999999999834122e-01
2.299999999999769174e-01
2.299999999999682021e-01
2.299999999999562117e-01
2.299999999999402245e-01
2.299999999999187972e-01
2.299999999998904587e-01
2.299999999998528777e-01
2.299999999998035560e-01
2.299999999997390798e-01
2.299999999996552025e-01
2.299999999995465116e-01
2.299999999994064848e-01
2.299999999992268229e-01
2.299999999989973676e-01
2.299999999987054344e-01
2.299999999983357579e-01
2.299999999978696030e-01
2.299999999972840159e-01
2.299999999965514630e-01
2.299999999956382213e-01
2.299999999945041285e-01
2.299999999931009453e-01
2.299999999913708848e-01
2.299999999892451685e-01
2.299999999866420286e-01
2.299999999834649589e-01
2.299999999795996064e-01
2.299999999749116619e-01
2.299999999692437513e-01
2.299999999624110503e-01
2.299999999541987583e-01
2.299999999443561871e-01
2.299999999325928191e-01
2.299999999185722843e-01
2.299999999019059216e-01
2.299999998821461722e-01
2.299999998587788363e-01
2.299999998312143579e-01
2.299999997987783318e-01
2.299999997607010960e-01
2.299999997161062404e-01
2.299999996639979782e-01
2.299999996032466854e-01
2.299999995325749391e-01
2.299999994505395606e-01
2.299999993555139066e-01
2.299999992456684128e-01
2.299999991189485282e-01
2.299999989730519556e-01
2.299999988054027833e-01
2.299999986131245067e-01
2.299999983930105796e-01
2.299999981414920236e-01
2.299999978546039547e-01
2.299999975279477527e-01
2.299999971566526746e-01
2.299999967353326402e-01
2.299999962580409341e-01
2.299999957182222998e-01
2.299999951086606764e-01
2.299999944214246861e-01
2.299999936478084872e-01
2.299999927782697962e-01
2.299999918023636070e-01
2.299999907086721362e-01
2.299999894847309934e-01
2.299999881169500771e-01
2.299999865905310026e-01
2.299999848893796717e-01
2.299999829960140685e-01
2.299999808914675037e-01
2.299999785551861686e-01
2.299999759649223041e-01
2.299999730966220124e-01
2.299999699243069906e-01
2.299999664199515459e-01
2.299999625533537817e-01
2.299999582920005670e-01
2.299999536009267875e-01
2.299999484425687690e-01
2.299999427766116489e-01
2.299999365598300871e-01
2.299999297459226766e-01
2.299999222853403857e-01
2.299999141251077295e-01
2.299999052086381668e-01
2.299998954755421154e-01
2.299998848614279445e-01
2.299998732976973603e-01
2.299998607113324101e-01
2.299998470246763793e-01
2.299998321552075287e-01
2.299998160153056692e-01
2.299997985120113553e-01
2.299997795467784156e-01
2.299997590152195737e-01
2.299997368068437409e-01
2.299997128047873429e-01
2.299996868855381793e-01
2.299996589186515117e-01
2.299996287664600736e-01
2.299995962837759200e-01
2.299995613175858655e-01
2.299995237067399556e-01
2.299994832816326107e-01
2.299994398638765813e-01
2.299993932659711304e-01
2.299993432909621383e-01
2.299992897320966012e-01
2.299992323724698862e-01
2.299991709846664345e-01
2.299991053303946098e-01
2.299990351601147176e-01
2.299989602126611410e-01
2.299988802148581757e-01
2.299987948811303140e-01
2.299987039131063116e-01
2.299986069992180360e-01
2.299985038142938754e-01
2.299983940191460130e-01
2.299982772601534831e-01
2.299981531688402026e-01
2.299980213614473690e-01
2.299978814385022219e-01
2.299977329843814755e-01
2.299975755668713651e-01
2.299974087367230302e-01
2.299972320272043735e-01
2.299970449536478667e-01
2.299968470129957199e-01
2.299966376833410264e-01
2.299964164234662711e-01
2.299961826723789238e-01
2.299959358488451733e-01
2.299956753509198593e-01
2.299954005554759595e-01
2.299951108177314685e-01
2.299948054707741940e-01
2.299944838250860824e-01
2.299941451680659332e-01
2.299937887635510325e-01
2.299934138513385906e-01
2.299930196467067089e-01
2.299926053399346249e-01
2.299921700958235671e-01
2.299917130532179721e-01
2.299912333245269225e-01
2.299907299952466677e-01
2.299902021234838667e-01
2.299896487394808009e-01
2.299890688451411702e-01
2.299884614135590255e-01
2.299878253885476176e-01
2.299871596841738253e-01
2.299864631842907514e-01
2.299857347420775355e-01
2.299849731795788610e-01
2.299841772872491807e-01
2.299833458235003292e-01
2.299824775142521871e-01
2.299815710524890644e-01
2.299806250978161104e-01
2.299796382760254942e-01
2.299786091786628628e-01
2.299775363626033742e-01
2.299764183496224301e-01
2.299752536259894453e-01
2.299740406420452965e-01
2.299727778118036137e-01
2.299714635125520157e-01
2.299700960844516529e-01
2.299686738301562894e-01
2.299671950144205890e-01
2.299656578637438165e-01
2.299640605659835912e-01
2.299624012700041131e-01
2.299606780853207522e-01
2.299588890817535203e-01
2.299570322890875929e-01
2.299551056967426010e-01
2.299531072534485021e-01
2.299510348669301651e-01
2.299488864035995339e-01
2.299466596882564218e-01
2.299443525037974112e-01
2.299419625909329967e-01
2.299394876479141092e-01
2.299369253302666893e-01
2.299342732505353093e-01
2.299315289780356208e-01
2.299286900386165455e-01
2.299257539144307083e-01
2.299227180437148632e-01
2.299195798205794228e-01
2.299163365948073412e-01
2.299129856716631837e-01
2.299095243117107168e-01
2.299059497306413791e-01
2.299022590991122439e-01
2.298984495425933638e-01
2.298945181412254957e-01
2.298904619296869845e-01
2.298862778970726384e-01
2.298819629867808190e-01
2.298775140964121888e-01
2.298729280776757034e-01
2.298682017363094521e-01
2.298633318320070229e-01
2.298583150783610474e-01
2.298531481428041090e-01
2.298478276465752701e-01
2.298423501646923162e-01
2.298367122259205586e-01
2.298309103127743058e-01
2.298249408615203881e-01
2.298188002621738835e-01
2.298124848585347269e-01
2.298059909482247920e-01
2.297993147827062099e-01
2.297924525673605278e-01
2.297854004615401680e-01
2.297781545786437285e-01
2.297707109861964747e-01
2.297630657059709647e-01
2.297552147140314305e-01
2.297471539409378927e-01
2.297388792717668105e-01
2.297303865463549699e-01
2.297216715593728420e-01
2.297127300604667188e-01
2.297035577545132878e-01
2.296941503017155828e-01
2.296845033178135098e-01
2.296746123742837986e-01
2.296644729985446165e-01
2.296540806741695917e-01
2.296434308411147152e-01
2.296325188959530694e-01
2.296213401921201047e-01
2.296098900401680187e-01
2.295981637080304616e-01
2.295861564212954564e-01
2.295738633634887560e-01
2.295612796763660812e-01
2.295484004602147410e-01
2.295352207741640227e-01
2.295217356365054084e-01
2.295079400250208956e-01
2.294938288790024650e-01
2.294793970911921388e-01
2.294646395249496373e-01
2.294495509978041192e-01
2.294341262902327983e-01
2.294183601443611775e-01
2.294022472643516830e-01
2.293857823168025389e-01
2.293689599311528327e-01
2.293517747000970441e-01
2.293342211800074304e-01
2.293162938913636262e-01
2.292979873191910711e-01
2.292792959135061814e-01
2.292602140897702645e-01
2.292407362293499562e-01
2.292208566799857072e-01
2.292005697562673194e-01
2.291798697401171425e-01
2.291587508812797935e-01
2.291372073978193424e-01
2.291152334766232979e-01
2.290928232739136428e-01
2.290699709157637820e-01
2.290466704986235946e-01
2.290229160898491212e-01
2.289987017282406057e-01
2.289740214245848948e-01
2.289488691622056371e-01
2.289232388975185606e-01
2.288971245605932736e-01
2.288705200557205610e-01
2.288434192619855923e-01
2.288158160338467362e-01
2.287877042017199547e-01
2.287590775725681647e-01
2.287299299304973166e-01
2.287002550373556098e-01
2.286700466333390080e-01
2.286392984376022786e-01
2.286080041488735004e-01
2.285761574460741241e-01
2.285437519889439162e-01
2.285107814186694841e-01
2.284772393585183525e-01
2.284431194144764254e-01
2.284084151758902781e-01
2.283731202161131679e-01
2.283372280931552922e-01
2.283007323503372377e-01
2.282636265169484258e-01
2.282259041089077234e-01
2.281875586294290770e-01
2.281485835696891729e-01
2.281089724094992333e-01
2.280687186179798653e-01
2.280278156542394630e-01
2.279862569680536910e-01
2.279440360005506871e-01
2.279011461848969300e-01
2.278575809469860214e-01
2.278133337061310493e-01
2.277683978757582828e-01
2.277227668641035874e-01
2.276764340749111437e-01
2.276293929081344147e-01
2.275816367606382506e-01
2.275331590269041027e-01
2.274839530997362080e-01
2.274340123709694961e-01
2.273833302321795757e-01
2.273319000753933339e-01
2.272797152938018372e-01
2.272267692824736784e-01
2.271730554390700985e-01
2.271185671645604698e-01
2.270632978639396116e-01
2.270072409469446884e-01
2.269503898287743016e-01
2.268927379197039629e-01
2.268342786693639535e-01
2.267750055033413148e-01
2.267149118658689788e-01
2.266539912102396026e-01
2.265922369995261865e-01
2.265296427073020535e-01
2.264662018183632997e-01
2.264019078294437215e-01
2.263367542499415130e-01
2.262707346026343325e-01
2.262038424243998647e-01
2.261360712669336359e-01
2.260674146974673837e-01
2.259978662994848730e-01
2.259274196734393503e-01
2.258560684374674443e-01
2.257838062281037339e-01
2.257106267009933720e-01
2.256365235316034057e-01
2.255614904159336520e-01
2.254855210712241875e-01
2.254086092366637539e-01
2.253307486740942778e-01
2.252519331687151405e-01
2.251721565297849781e-01
2.250914125913216490e-01
2.250096952128001482e-01
2.249269982798486611e-01
2.248433157049419262e-01
2.247586414280930422e-01
2.246729694175419456e-01
2.245862936704426382e-01
2.244986082135465300e-01
2.244099071038846704e-01
2.243201844294450686e-01
2.242294343098496512e-01
2.241376508970271131e-01
2.240448283758821324e-01
2.239509609649631972e-01
2.238560429171256305e-01
2.237600685201926454e-01
2.236630320976122632e-01
2.235649280091109858e-01
2.234657506513448855e-01
2.233654944585453106e-01
2.232641539031629818e-01
2.231617234965070362e-01
2.230581977893806300e-01
2.229535713727130997e-01
2.228478388781875152e-01
2.227409949788634325e-01
2.226330343897999497e-01
2.225239518686675799e-01
2.224137422163613709e-01
2.223024002776073649e-01
2.221899209415654775e-01
2.220762991424281019e-01
2.219615298600126074e-01
2.218456081203511732e-01
2.217285289962747930e-01
2.216102876079932282e-01
2.214908791236690488e-01
2.213702987599879823e-01
2.212485417827242395e-01
2.211256035072996784e-01
2.210014792993391097e-01
2.208761645752200242e-01
2.207496548026163796e-01
2.206219455010391961e-01
2.204930322423691857e-01
2.203629106513860791e-01
2.202315764062907633e-01
2.200990252392237834e-01
2.199652529367769893e-01
2.198302553404996307e-01
2.196940283473989008e-01
2.195565679104355683e-01
2.194178700390121139e-01
2.192779307994567606e-01
2.191367463155004247e-01
2.189943127687477287e-01
2.188506263991437939e-01
2.187056835054310977e-01
2.185594804456053308e-01
2.184120136373602084e-01
2.182632795585301988e-01
2.181132747475226785e-01
2.179619958037485594e-01
2.178094393880424806e-01
2.176556022230795584e-01
2.175004810937828381e-01
2.173440728477274431e-01
2.171863743955354531e-01
2.170273827112659260e-01
2.168670948327969250e-01
2.167055078622029951e-01
2.165426189661232570e-01
2.163784253761250054e-01
2.162129243890589525e-01
2.160461133674100032e-01
2.158779897396362890e-01
2.157085510005089524e-01
2.155377947114372195e-01
2.153657185007908093e-01
2.151923200642163747e-01
2.150175971649428974e-01
2.148415476340824748e-01
2.146641693709257226e-01
2.144854603432268247e-01
2.143054185874821438e-01
2.141240422092044182e-01
2.139413293831861351e-01
2.137572783537579624e-01
2.135718874350402141e-01
2.133851550111842132e-01
2.131970795366114335e-01
2.130076595362388192e-01
2.128168936057040772e-01
2.126247804115771189e-01
2.124313186915679497e-01
2.122365072547272857e-01
2.120403449816376795e-01
2.118428308245992875e-01
2.116439638078060348e-01
2.114437430275170338e-01
2.112421676522192038e-01
2.110392369227825637e-01
2.108349501526073921e-01
2.106293067277653641e-01
2.104223061071330281e-01
2.102139478225167890e-01
2.100042314787705922e-01
2.097931567539074726e-01
2.095807233992036389e-01
2.093669312392913706e-01
2.091517801722509451e-01
2.089352701696886028e-01
2.087174012768121534e-01
2.084981736124948970e-01
2.082775873988285398e-01
2.080556428958300064e-01
2.078323404233350102e-01
2.076076803956031780e-01
2.073816633007605215e-01
2.071542897009264472e-01
2.069255602319975129e-01
2.066954756039784402e-01
2.064640366006771921e-01
2.062312440798414193e-01
2.059970989731910451e-01
2.057616022862826799e-01
2.055247550985255522e-01
2.052865585631706291e-01
2.050470139072493869e-01
2.048061224314847995e-01
2.045638855102996090e-01
2.043203045916952565e-01
2.040753811971985909e-01
2.038291169218082177e-01
2.035815134338408161e-01
2.033325724748883678e-01
2.030822958597274241e-01
2.028306854761542377e-01
2.025777432849136250e-01
2.023234713195572743e-01
2.020678716863348323e-01
2.018109465639985889e-01
2.015526982037421089e-01
2.012931289289903447e-01
2.010322411352628569e-01
2.007700372899857422e-01
2.005065199323572411e-01
2.002416916731450391e-01
1.999755551945039400e-01
1.997081132497807443e-01
1.994393686633310070e-01
1.991693243302871952e-01
1.988979832163711436e-01
1.986253483576629619e-01
1.983514228603841523e-01
1.980762099006535826e-01
1.977997127242513975e-01
1.975219346463951142e-01
1.972428790514479113e-01
1.969625493927077975e-01
1.966809491921085173e-01
1.963980820399666427e-01
1.961139515946938583e-01
1.958285615825398895e-01
1.955419157972655975e-01
1.952540180998840746e-01
1.949648724183364323e-01
1.946744827471958705e-01
1.943828531473571486e-01
1.940899877457082645e-01
1.937958907348195925e-01
1.935005663726030722e-01
1.932040189819830833e-01
1.929062529505498336e-01
1.926072727302157728e-01
1.923070828368722285e-01
1.920056878500062125e-01
1.917030924123712399e-01
1.913993012295836793e-01
1.910943190697776128e-01
1.907881507632131213e-01
1.904808012018823493e-01
1.901722753391459630e-01
1.898625781893072684e-01
1.895517148272395924e-01
1.892396903879592918e-01
1.889265100662359809e-01
1.886121791161571581e-01
1.882967028507261109e-01
1.879800866414356175e-01
1.876623359178282158e-01
1.873434561670715703e-01
1.870234529335189078e-01
1.867023318182687019e-01
1.863800984787081783e-01
1.860567586280762187e-01
1.857323180350003433e-01
1.854067825230340805e-01
1.850801579701968624e-01
1.847524503085066216e-01
1.844236655235068911e-01
1.840938096537850510e-01
1.837628887905042585e-01
1.834309090769108697e-01
1.830978767078443037e-01
1.827637979292566217e-01
1.824286790377059875e-01
1.820925263798633953e-01
1.817553463520144574e-01
1.814171453995431504e-01
1.810779300164354622e-01
1.807377067447561714e-01
1.803964821741410318e-01
1.800542629412762441e-01
1.797110557293718769e-01
1.793668672676435039e-01
1.790217043307833489e-01
1.786755737384244647e-01
1.783284823546129050e-01
1.779804370872711539e-01
1.776314448876555319e-01
1.772815127498148513e-01
1.769306477100518471e-01
1.765788568463736163e-01
1.762261472779360905e-01
1.758725261645022742e-01
1.755180007058868008e-01
1.751625781413936322e-01
1.748062657492640004e-01
1.744490708461154949e-01
1.740910007863800124e-01
1.737320629617369050e-01
1.733722648005507627e-01
1.730116137673028409e-01
1.726501173620200169e-01
1.722877831197040521e-01
1.719246186093487672e-01
1.715606314317588144e-01
1.711958292229415202e-01
1.708302196519548843e-01
1.704638104199582282e-01
1.700966092596292167e-01
1.697286239345869308e-01
1.693598622388078623e-01
1.689903319960403549e-01
1.686200410592298138e-01
1.682489973099279279e-01
1.678772086577045852e-01
1.675046830395716113e-01
1.671314284193892996e-01
1.667574527872782986e-01
1.663827641590373274e-01
1.660073705755485685e-01
1.656312801021952996e-01
1.652545008282683137e-01
1.648770408663772502e-01
1.644989083518640927e-01
1.641201114422103924e-01
1.637406583164468243e-01
1.633605571745679330e-01
1.629798162369385517e-01
1.625984437437044960e-01
1.622164479542042570e-01
1.618338371463800829e-01
1.614506196161873686e-01
1.610668036770089573e-01
1.606823976590629199e-01
1.602974099088186333e-01
1.599118487884079454e-01
1.595257226750394774e-01
1.591390399604118988e-01
1.587518090501301160e-01
1.583640383631198800e-01
1.579757363310445029e-01
1.575869113977230451e-01
1.571975720185484204e-01
1.568077266599074149e-01
1.564173837985995130e-01
1.560265519212613028e-01
1.556352395237862174e-01
1.552434551107530480e-01
1.548512071948470459e-01
1.544585042962886845e-01
1.540653549422635604e-01
1.536717676663499899e-01
1.532777510079504635e-01
1.528833135117258490e-01
1.524884637270300936e-01
1.520932102073445646e-01
1.516975615097176933e-01
1.513015261942055878e-01
1.509051128233113159e-01
1.505083299614304870e-01
1.501111861742967513e-01
1.497136900284288252e-01
1.493158500905794328e-01
1.489176749271891864e-01
1.485191731038388863e-01
1.481203531847056776e-01
1.477212237320219279e-01
1.473217933055367967e-01
1.469220704619771667e-01
1.465220637545153470e-01
1.461217817322352786e-01
1.457212329396033734e-01
1.453204259159422140e-01
1.449193691949055562e-01
1.445180713039549703e-01
1.441165407638435592e-01
1.437147860880966799e-01
1.433128157824999638e-01
1.429106383445870598e-01
1.425082622631319018e-01
1.421056960176440009e-01
1.417029480778648765e-01
1.413000269032697875e-01
1.408969409425701313e-01
1.404936986332204485e-01
1.400903084009287591e-01
1.396867786591672322e-01
1.392831178086902932e-01
1.388793342370526485e-01
1.384754363181305570e-01
1.380714324116489866e-01
1.376673308627078818e-01
1.372631400013168412e-01
1.368588681419294351e-01
1.364545235829803527e-01
1.360501146064295452e-01
1.356456494773066179e-01
1.352411364432597740e-01
1.348365837341092555e-01
1.344319995614019492e-01
1.340273922798147777e-01
1.336227706120421965e-01
1.332181418337427814e-01
1.328135140508210077e-01
1.324088954732428880e-01
1.320042943276227010e-01
1.315997186876140257e-01
1.311951766049090085e-01
1.307906761090532610e-01
1.303862252069602767e-01
1.299818318826573282e-01
1.295775040966977432e-01
1.291732497857646100e-01
1.287690768624521476e-01
1.283649932146509187e-01
1.279610067053222611e-01
1.275571251719311017e-01
1.271533564262274651e-01
1.267497082537485942e-01
1.263461884134899627e-01
1.259428046375472288e-01
1.255395646306272095e-01
1.251364760698248924e-01
1.247335466041714080e-01
1.243307838542515864e-01
1.239281954119340196e-01
1.235257888399035886e-01
1.231235716713708628e-01
1.227215514097545201e-01
1.223197355282434617e-01
1.219181314695244600e-01
1.215167466454077361e-01
1.211155884364886193e-01
1.207146642137442716e-01
1.203139737498977319e-01
1.199135396207913346e-01
1.195133613861323746e-01
1.191134462721736426e-01
1.187138014723278095e-01
1.183144341467869814e-01
1.179153514222630178e-01
1.175165603916298457e-01
1.171180681137150431e-01
1.167198816129463163e-01
1.163220078790452583e-01
1.159244538668076779e-01
1.155272264957473843e-01
1.151303326498519242e-01
1.147337791773213600e-01
1.143375728902641664e-01
1.139417205644332604e-01
1.135462289389579382e-01
1.131511047389123364e-01
1.127563546634032382e-01
1.123619853492145715e-01
1.119680033960717552e-01
1.115744153665278460e-01
1.111812277857282261e-01
1.107884471411943461e-01
1.103960798826359169e-01
1.100041324217008870e-01
1.096126111318206781e-01
1.092215223479833797e-01
1.088308723665442068e-01
1.084406674450229119e-01
1.080509138019456888e-01
1.076616176166186462e-01
1.072727850289900003e-01
1.068844221394374128e-01
1.064965350086134604e-01
1.061091296572816284e-01
1.057222120661340525e-01
1.053357881756288583e-01
1.049498638858499672e-01
1.045644450563308625e-01
1.041795375097314541e-01
1.037951470331895804e-01
1.034112793660901114e-01
1.030279402066011929e-01
1.026451352117963983e-01
1.022628699975140082e-01
1.018811501382427404e-01
1.014999811670082575e-01
1.011193685752324739e-01
1.007393178126289313e-01
1.003598342871110105e-01
9.998092336465154439e-02
9.960259036920092457e-02
9.922484058257508011e-02
9.884767924436922704e-02
9.847111155185045428e-02
9.809514265987437365e-02
9.771977768079427584e-02
9.734502168437846048e-02
9.697087969772805183e-02
9.659735670518923567e-02
9.622445764830005188e-02
9.585218742650965240e-02
9.548055090708171266e-02
9.510955290854002098e-02
9.473919820335491293e-02
9.436949152106244298e-02
9.400043754823234066e-02
9.363204092840542170e-02
9.326430626206438923e-02
9.289723810658329084e-02
9.253084097620190018e-02
9.216511934198648448e-02
9.180007763179368063e-02
9.143572023025602069e-02
9.107205147874569695e-02
9.070907567535568816e-02
9.034679707488349476e-02
8.998521988880903155e-02
8.962434828528581532e-02
8.926418638912433923e-02
8.890473828178849236e-02
8.854600800138626160e-02
8.818799954266881569e-02
8.783071689778007562e-02
8.747416390286186227e-02
8.711834447810380688e-02
8.676326244803955756e-02
8.640892159420643370e-02
8.605532565515751353e-02
8.570247832648668351e-02
8.535038326084824767e-02
8.499904406798192147e-02
8.464846431474433441e-02
8.429864752513556436e-02
8.394959718033613572e-02
8.360131671874153347e-02
8.325380953599885447e-02
8.290707898505432494e-02
8.256112837618449773e-02
8.221596097705834161e-02
8.187158001276874375e-02
8.152798866589835991e-02
8.118519007656399555e-02
8.084318734247332439e-02
8.050198352010232150e-02
8.016158164182457524e-02
7.982198468803818059e-02
7.948319559094962905e-02
7.914521724089829124e-02
7.880805248643944771e-02
7.847170413442089432e-02
7.813617495007174618e-02
7.780146765708545464e-02
7.746758493771077614e-02
7.713452943284077046e-02
7.680230374210954281e-02
7.647091042398525274e-02
7.614035199587071423e-02
7.581063093420382926e-02
7.548174967455863194e-02
7.515371061175299405e-02
7.482651609995590036e-02
7.450016845279702760e-02
7.417466994347823861e-02
7.385002280489082194e-02
7.352622922972669450e-02
7.320329137060489766e-02
7.288121134018683833e-02
7.255999121130073115e-02
7.223963301706931572e-02
7.192013875103502041e-02
7.160151036729232865e-02
7.128374978061707834e-02
7.096685886660228371e-02
7.065083946179345764e-02
7.033569336382751447e-02
7.002142233157256090e-02
6.970802808527080952e-02
6.939551231244617258e-02
6.908387668617915756e-02
6.877312282008862798e-02
6.846325228657892947e-02
6.815426662050413920e-02
6.784616731933326705e-02
6.753895584332239577e-02
6.723263361568337926e-02
6.692720202275981300e-02
6.662266241420194968e-02
6.631901610314655526e-02
6.601626436639515538e-02
6.571440844459862374e-02
6.541344954244135423e-02
6.511338882882805601e-02
6.481422743707337952e-02
6.451596646509330513e-02
6.421860697559779452e-02
6.392214999628782757e-02
6.362659652005192568e-02
6.333194750516681071e-02
6.303820387549889659e-02
6.274536652070890341e-02
6.245343629645722094e-02
6.216241402461352566e-02
6.187230049346566230e-02
6.158309645793363929e-02
6.129480263978252103e-02
6.100741972784035072e-02
6.072094837821623986e-02
6.043538921452085849e-02
6.015074282722134708e-02
5.986700972320187913e-02
5.958419039086798596e-02
5.930228531393514496e-02
5.902129494389733028e-02
5.874121970022361250e-02
5.846205997055518855e-02
